_______________________________________________
	1644.11
[0 0.01 0.01 0.01]
_______________________________________________
	1613.33
[0 0.21 0.01 0.01]
[0 0.41 0.01 0.01]
[0 0.61 0.01 0.01]
[0 0.81 0.01 0.01]
[0 1.01 0.01 0.01]
[0 1.51 0.01 0.01]
[0 2.01 0.01 0.01]
[0 2.51 0.01 0.01]
[0 3.01 0.01 0.01]
[0 2.51 0.21 0.01]
[0 3.01 0.21 0.01]
_______________________________________________
	1612.82
[0 0.81 0.61 0.01]
[0 2.01 1.51 0.01]
[0 0.81 0.61 0.21]
[0 2.01 1.51 0.21]
[0 0.81 0.61 0.41]
[0 2.01 1.51 0.41]
[0 0.61 0.41 1.51]
[0 1.51 1.01 1.51]
[0 3.01 2.01 1.51]
_______________________________________________
	1558.92
[0 0.61 0.41 2.01]
[0 1.51 1.01 2.01]
[0 3.01 2.01 2.01]
[0.1 0.61 0.41 2.01]
[0.1 1.51 1.01 2.01]
[0.1 3.01 2.01 2.01]
[0.2 0.61 0.41 2.01]
[0.2 0.61 0.41 2.51]
[0.2 1.51 1.01 2.51]
[0.2 3.01 2.01 2.51]
[0.3 0.61 0.41 2.51]
[0.3 1.51 1.01 2.51]
[0.3 3.01 2.01 2.51]
[0.3 0.61 0.41 3.01]
[0.3 1.51 1.01 3.01]
[0.3 3.01 2.01 3.01]
[0.4 0.61 0.41 3.01]
[0.4 1.51 1.01 3.01]
[0.4 3.01 2.01 3.01]
[0.5 0.81 0.61 0.21]
[0.5 2.01 1.51 0.21]
[0.5 0.81 0.61 0.41]
[0.5 2.01 1.51 0.41]
[0.5 0.81 0.61 0.61]
[0.5 2.01 1.51 0.61]
[0.5 0.81 0.61 0.81]
[0.5 2.01 1.51 0.81]
[0.6 0.81 0.61 0.21]
[0.6 2.01 1.51 0.21]
[0.6 0.81 0.61 0.41]
[0.6 2.01 1.51 0.41]
[0.6 0.81 0.61 0.61]
[0.6 2.01 1.51 0.61]
[0.6 0.81 0.61 0.81]
[0.6 2.01 1.51 0.81]
[0.6 0.81 0.61 1.01]
[0.6 2.01 1.51 1.01]
[0.7 0.81 0.61 0.21]
[0.7 0.81 0.61 0.41]
[0.7 2.01 1.51 0.41]
[0.7 0.81 0.61 0.61]
[0.7 2.01 1.51 0.61]
[0.7 0.81 0.61 0.81]
[0.7 2.01 1.51 0.81]
[0.7 0.81 0.61 1.01]
[0.7 2.01 1.51 1.01]
[0.7 2.01 1.51 1.51]
[0.8 0.81 0.61 0.41]
[0.8 0.81 0.61 0.61]
[0.8 2.01 1.51 0.61]
[0.8 0.81 0.61 0.81]
[0.8 2.01 1.51 0.81]
[0.8 0.81 0.61 1.01]
[0.8 2.01 1.51 1.01]
[0.8 0.81 0.61 1.51]
[0.8 2.01 1.51 1.51]
[0.8 0.81 0.61 2.01]
[0.8 2.01 1.51 2.01]
[0.8 0.81 0.61 2.51]
[0.8 2.01 1.51 2.51]
[0.8 0.81 0.61 3.01]
[0.8 2.01 1.51 3.01]
[0.9 1.01 0.81 0.01]
[0.9 2.51 2.01 0.01]
[0.9 1.01 0.81 0.21]
[0.9 2.51 2.01 0.21]
[0.9 1.01 0.81 0.41]
[0.9 2.51 2.01 0.41]
[0.9 0.81 0.61 0.61]
[0.9 1.01 0.81 0.61]
[0.9 2.51 2.01 0.61]
[0.9 0.81 0.61 0.81]
[0.9 1.01 0.81 0.81]
[0.9 2.51 2.01 0.81]
[0.9 0.81 0.61 1.01]
[0.9 1.01 0.81 1.01]
[0.9 2.01 1.51 1.01]
[0.9 2.51 2.01 1.01]
[0.9 0.81 0.61 1.51]
[0.9 1.01 0.81 1.51]
[0.9 2.01 1.51 1.51]
[0.9 2.51 2.01 1.51]
[0.9 0.81 0.61 2.01]
[0.9 1.01 0.81 2.01]
[0.9 2.01 1.51 2.01]
[0.9 2.51 2.01 2.01]
[0.9 0.81 0.61 2.51]
[0.9 1.01 0.81 2.51]
[0.9 2.01 1.51 2.51]
[0.9 2.51 2.01 2.51]
[0.9 0.81 0.61 3.01]
[0.9 1.01 0.81 3.01]
[0.9 2.01 1.51 3.01]
[0.9 2.51 2.01 3.01]
