_______________________________________________
	2439.01
[0.3 0.21 0.01 0.31]
[0.3 0.21 0.01 0.41]
[0.3 0.21 0.01 0.51]
[0.3 0.21 0.01 0.61]
[0.3 0.21 0.01 0.71]
[0.3 0.21 0.01 0.81]
[0.3 0.21 0.01 0.91]
[0.8 0.11 0.01 0.01]
[0.8 0.71 0.11 0.01]
[0.8 0.81 0.11 0.01]
[0.8 0.91 0.11 0.01]
[0.8 0.11 0.01 0.11]
[0.8 0.71 0.11 0.11]
[0.8 0.81 0.11 0.11]
[0.8 0.91 0.11 0.11]
[0.8 0.11 0.01 0.21]
[0.8 0.71 0.11 0.21]
[0.8 0.81 0.11 0.21]
[0.8 0.91 0.11 0.21]
[0.8 0.11 0.01 0.31]
[0.8 0.71 0.11 0.31]
[0.8 0.81 0.11 0.31]
[0.8 0.91 0.11 0.31]
[0.8 0.11 0.01 0.41]
[0.8 0.71 0.11 0.41]
[0.8 0.81 0.11 0.41]
[0.8 0.91 0.11 0.41]
[0.8 0.11 0.01 0.51]
[0.8 0.81 0.11 0.51]
[0.8 0.91 0.11 0.51]
[0.8 0.11 0.01 0.61]
[0.8 0.81 0.11 0.61]
[0.8 0.91 0.11 0.61]
[0.8 0.11 0.01 0.71]
[0.8 0.81 0.11 0.71]
[0.8 0.91 0.11 0.71]
[0.8 0.11 0.01 0.81]
[0.8 0.81 0.11 0.81]
[0.8 0.91 0.11 0.81]
[0.8 0.11 0.01 0.91]
[0.8 0.81 0.11 0.91]
[0.8 0.91 0.11 0.91]
[0.9 0.11 0.01 0.01]
[0.9 0.71 0.11 0.01]
[0.9 0.81 0.11 0.01]
[0.9 0.91 0.11 0.01]
[0.9 0.11 0.01 0.11]
[0.9 0.71 0.11 0.11]
[0.9 0.81 0.11 0.11]
[0.9 0.91 0.11 0.11]
[0.9 0.11 0.01 0.21]
[0.9 0.71 0.11 0.21]
[0.9 0.81 0.11 0.21]
[0.9 0.91 0.11 0.21]
[0.9 0.11 0.01 0.31]
[0.9 0.71 0.11 0.31]
[0.9 0.81 0.11 0.31]
[0.9 0.91 0.11 0.31]
[0.9 0.11 0.01 0.41]
[0.9 0.71 0.11 0.41]
[0.9 0.81 0.11 0.41]
[0.9 0.91 0.11 0.41]
[0.9 0.11 0.01 0.51]
[0.9 0.71 0.11 0.51]
[0.9 0.81 0.11 0.51]
[0.9 0.91 0.11 0.51]
[0.9 0.11 0.01 0.61]
[0.9 0.71 0.11 0.61]
[0.9 0.81 0.11 0.61]
[0.9 0.91 0.11 0.61]
[0.9 0.11 0.01 0.71]
[0.9 0.71 0.11 0.71]
[0.9 0.81 0.11 0.71]
[0.9 0.91 0.11 0.71]
[0.9 0.11 0.01 0.81]
[0.9 0.71 0.11 0.81]
[0.9 0.81 0.11 0.81]
[0.9 0.91 0.11 0.81]
[0.9 0.11 0.01 0.91]
[0.9 0.71 0.11 0.91]
[0.9 0.81 0.11 0.91]
[0.9 0.91 0.11 0.91]
[1 0.11 0.01 0.01]
[1 0.71 0.11 0.01]
[1 0.81 0.11 0.01]
[1 0.91 0.11 0.01]
[1 0.11 0.01 0.11]
[1 0.71 0.11 0.11]
[1 0.81 0.11 0.11]
[1 0.91 0.11 0.11]
[1 0.11 0.01 0.21]
[1 0.71 0.11 0.21]
[1 0.81 0.11 0.21]
[1 0.91 0.11 0.21]
[1 0.11 0.01 0.31]
[1 0.71 0.11 0.31]
[1 0.81 0.11 0.31]
[1 0.91 0.11 0.31]
[1 0.11 0.01 0.41]
[1 0.71 0.11 0.41]
[1 0.81 0.11 0.41]
[1 0.91 0.11 0.41]
[1 0.11 0.01 0.51]
[1 0.71 0.11 0.51]
[1 0.81 0.11 0.51]
[1 0.91 0.11 0.51]
[1 0.11 0.01 0.61]
[1 0.71 0.11 0.61]
[1 0.81 0.11 0.61]
[1 0.91 0.11 0.61]
[1 0.11 0.01 0.71]
[1 0.71 0.11 0.71]
[1 0.81 0.11 0.71]
[1 0.91 0.11 0.71]
[1 0.11 0.01 0.81]
[1 0.71 0.11 0.81]
[1 0.81 0.11 0.81]
[1 0.91 0.11 0.81]
[1 0.11 0.01 0.91]
[1 0.71 0.11 0.91]
[1 0.81 0.11 0.91]
[1 0.91 0.11 0.91]
