_______________________________________________
	2188.65
[0 0.91 0.61 0.01]
[0 0.51 0.31 0.11]
[0 0.81 0.51 0.11]
[0 0.51 0.31 0.21]
[0 0.71 0.41 0.21]
[0 0.81 0.51 0.21]
[0 0.91 0.51 0.21]
[0 0.21 0.11 0.31]
[0 0.51 0.31 0.31]
[0 0.71 0.41 0.31]
[0 0.81 0.51 0.31]
[0 0.91 0.51 0.31]
[0 0.21 0.11 0.41]
[0 0.41 0.21 0.41]
[0 0.51 0.31 0.41]
[0 0.61 0.31 0.41]
[0 0.71 0.41 0.41]
[0 0.81 0.41 0.41]
[0 0.81 0.51 0.41]
[0 0.91 0.51 0.41]
[0 0.21 0.11 0.51]
[0 0.41 0.21 0.51]
[0 0.51 0.31 0.51]
[0 0.61 0.31 0.51]
[0 0.71 0.41 0.51]
[0 0.81 0.41 0.51]
[0 0.91 0.51 0.51]
[0 0.21 0.11 0.61]
[0 0.41 0.21 0.61]
[0 0.51 0.31 0.61]
[0 0.61 0.31 0.61]
[0 0.71 0.41 0.61]
[0 0.81 0.41 0.61]
[0 0.91 0.41 0.61]
[0 0.91 0.51 0.61]
[0 0.21 0.11 0.71]
[0 0.41 0.21 0.71]
[0 0.51 0.31 0.71]
[0 0.61 0.31 0.71]
[0 0.71 0.31 0.71]
[0 0.71 0.41 0.71]
[0 0.81 0.41 0.71]
[0 0.91 0.41 0.71]
[0 0.91 0.51 0.71]
[0 0.21 0.11 0.81]
[0 0.41 0.21 0.81]
[0 0.51 0.21 0.81]
[0 0.61 0.31 0.81]
[0 0.71 0.31 0.81]
[0 0.71 0.41 0.81]
[0 0.81 0.41 0.81]
[0 0.91 0.41 0.81]
[0 0.91 0.51 0.81]
[0 0.21 0.11 0.91]
[0 0.41 0.21 0.91]
[0 0.51 0.21 0.91]
[0 0.61 0.31 0.91]
[0 0.71 0.31 0.91]
[0 0.81 0.31 0.91]
[0 0.71 0.41 0.91]
[0 0.81 0.41 0.91]
[0 0.91 0.41 0.91]
[0 0.91 0.51 0.91]
[0.1 0.91 0.61 0.01]
[0.1 0.51 0.31 0.11]
[0.1 0.81 0.51 0.11]
[0.1 0.51 0.31 0.21]
[0.1 0.71 0.41 0.21]
[0.1 0.81 0.51 0.21]
[0.1 0.51 0.31 0.31]
[0.1 0.71 0.41 0.31]
[0.1 0.81 0.51 0.31]
[0.1 0.91 0.51 0.31]
[0.1 0.21 0.11 0.41]
[0.1 0.41 0.21 0.41]
[0.1 0.51 0.31 0.41]
[0.1 0.61 0.31 0.41]
[0.1 0.71 0.41 0.41]
[0.1 0.81 0.41 0.41]
[0.1 0.81 0.51 0.41]
[0.1 0.91 0.51 0.41]
[0.1 0.21 0.11 0.51]
[0.1 0.41 0.21 0.51]
[0.1 0.51 0.31 0.51]
[0.1 0.61 0.31 0.51]
[0.1 0.71 0.41 0.51]
[0.1 0.81 0.41 0.51]
[0.1 0.81 0.51 0.51]
[0.1 0.91 0.51 0.51]
[0.1 0.21 0.11 0.61]
[0.1 0.41 0.21 0.61]
[0.1 0.51 0.31 0.61]
[0.1 0.61 0.31 0.61]
[0.1 0.71 0.41 0.61]
[0.1 0.81 0.41 0.61]
[0.1 0.91 0.51 0.61]
[0.1 0.21 0.11 0.71]
[0.1 0.41 0.21 0.71]
[0.1 0.51 0.31 0.71]
[0.1 0.61 0.31 0.71]
[0.1 0.71 0.31 0.71]
[0.1 0.71 0.41 0.71]
[0.1 0.81 0.41 0.71]
[0.1 0.91 0.41 0.71]
[0.1 0.91 0.51 0.71]
[0.1 0.21 0.11 0.81]
[0.1 0.41 0.21 0.81]
[0.1 0.51 0.31 0.81]
[0.1 0.61 0.31 0.81]
[0.1 0.71 0.31 0.81]
[0.1 0.71 0.41 0.81]
[0.1 0.81 0.41 0.81]
[0.1 0.91 0.41 0.81]
[0.1 0.91 0.51 0.81]
[0.1 0.21 0.11 0.91]
[0.1 0.41 0.21 0.91]
[0.1 0.51 0.21 0.91]
[0.1 0.61 0.31 0.91]
[0.1 0.71 0.31 0.91]
[0.1 0.71 0.41 0.91]
[0.1 0.81 0.41 0.91]
[0.1 0.91 0.41 0.91]
[0.1 0.91 0.51 0.91]
[0.2 0.91 0.61 0.01]
[0.2 0.51 0.31 0.11]
[0.2 0.81 0.51 0.11]
[0.2 0.51 0.31 0.21]
[0.2 0.71 0.41 0.21]
[0.2 0.81 0.51 0.21]
[0.2 0.51 0.31 0.31]
[0.2 0.71 0.41 0.31]
[0.2 0.81 0.51 0.31]
[0.2 0.91 0.51 0.31]
[0.2 0.21 0.11 0.41]
[0.2 0.51 0.31 0.41]
[0.2 0.71 0.41 0.41]
[0.2 0.81 0.51 0.41]
[0.2 0.91 0.51 0.41]
[0.2 0.21 0.11 0.51]
[0.2 0.41 0.21 0.51]
[0.2 0.51 0.31 0.51]
[0.2 0.61 0.31 0.51]
[0.2 0.71 0.41 0.51]
[0.2 0.81 0.41 0.51]
[0.2 0.81 0.51 0.51]
[0.2 0.91 0.51 0.51]
[0.2 0.21 0.11 0.61]
[0.2 0.41 0.21 0.61]
[0.2 0.51 0.31 0.61]
[0.2 0.61 0.31 0.61]
[0.2 0.71 0.41 0.61]
[0.2 0.81 0.41 0.61]
[0.2 0.91 0.51 0.61]
[0.2 0.21 0.11 0.71]
[0.2 0.41 0.21 0.71]
[0.2 0.51 0.31 0.71]
[0.2 0.61 0.31 0.71]
[0.2 0.71 0.41 0.71]
[0.2 0.81 0.41 0.71]
[0.2 0.91 0.41 0.71]
[0.2 0.91 0.51 0.71]
[0.2 0.21 0.11 0.81]
[0.2 0.41 0.21 0.81]
[0.2 0.51 0.31 0.81]
[0.2 0.61 0.31 0.81]
[0.2 0.71 0.31 0.81]
[0.2 0.71 0.41 0.81]
[0.2 0.81 0.41 0.81]
[0.2 0.91 0.41 0.81]
[0.2 0.91 0.51 0.81]
[0.2 0.21 0.11 0.91]
[0.2 0.41 0.21 0.91]
[0.2 0.51 0.31 0.91]
[0.2 0.61 0.31 0.91]
[0.2 0.71 0.31 0.91]
[0.2 0.71 0.41 0.91]
[0.2 0.81 0.41 0.91]
[0.2 0.91 0.41 0.91]
[0.2 0.91 0.51 0.91]
[0.3 0.91 0.61 0.01]
[0.3 0.51 0.31 0.11]
[0.3 0.81 0.51 0.11]
[0.3 0.51 0.31 0.21]
[0.3 0.81 0.51 0.21]
[0.3 0.51 0.31 0.31]
[0.3 0.71 0.41 0.31]
[0.3 0.81 0.51 0.31]
[0.3 0.91 0.51 0.31]
[0.3 0.51 0.31 0.41]
[0.3 0.71 0.41 0.41]
[0.3 0.81 0.51 0.41]
[0.3 0.91 0.51 0.41]
[0.3 0.21 0.11 0.51]
[0.3 0.41 0.21 0.51]
[0.3 0.51 0.31 0.51]
[0.3 0.61 0.31 0.51]
[0.3 0.71 0.41 0.51]
[0.3 0.81 0.41 0.51]
[0.3 0.81 0.51 0.51]
[0.3 0.91 0.51 0.51]
[0.3 0.21 0.11 0.61]
[0.3 0.41 0.21 0.61]
[0.3 0.51 0.31 0.61]
[0.3 0.61 0.31 0.61]
[0.3 0.71 0.41 0.61]
[0.3 0.81 0.41 0.61]
[0.3 0.81 0.51 0.61]
[0.3 0.91 0.51 0.61]
[0.3 0.21 0.11 0.71]
[0.3 0.41 0.21 0.71]
[0.3 0.51 0.31 0.71]
[0.3 0.61 0.31 0.71]
[0.3 0.71 0.41 0.71]
[0.3 0.81 0.41 0.71]
[0.3 0.91 0.51 0.71]
[0.3 0.21 0.11 0.81]
[0.3 0.41 0.21 0.81]
[0.3 0.51 0.31 0.81]
[0.3 0.61 0.31 0.81]
[0.3 0.71 0.41 0.81]
[0.3 0.81 0.41 0.81]
[0.3 0.91 0.41 0.81]
[0.3 0.91 0.51 0.81]
[0.3 0.21 0.11 0.91]
[0.3 0.41 0.21 0.91]
[0.3 0.51 0.31 0.91]
[0.3 0.61 0.31 0.91]
[0.3 0.71 0.31 0.91]
[0.3 0.71 0.41 0.91]
[0.3 0.81 0.41 0.91]
[0.3 0.91 0.41 0.91]
[0.3 0.91 0.51 0.91]
[0.4 0.91 0.61 0.01]
[0.4 0.81 0.51 0.11]
[0.4 0.51 0.31 0.21]
[0.4 0.81 0.51 0.21]
[0.4 0.51 0.31 0.31]
[0.4 0.71 0.41 0.31]
[0.4 0.81 0.51 0.31]
[0.4 0.51 0.31 0.41]
[0.4 0.71 0.41 0.41]
[0.4 0.81 0.51 0.41]
[0.4 0.91 0.51 0.41]
[0.4 0.21 0.11 0.51]
[0.4 0.51 0.31 0.51]
[0.4 0.71 0.41 0.51]
[0.4 0.81 0.51 0.51]
[0.4 0.91 0.51 0.51]
[0.4 0.21 0.11 0.61]
[0.4 0.41 0.21 0.61]
[0.4 0.51 0.31 0.61]
[0.4 0.61 0.31 0.61]
[0.4 0.71 0.41 0.61]
[0.4 0.81 0.41 0.61]
[0.4 0.81 0.51 0.61]
[0.4 0.91 0.51 0.61]
[0.4 0.21 0.11 0.71]
[0.4 0.41 0.21 0.71]
[0.4 0.51 0.31 0.71]
[0.4 0.61 0.31 0.71]
[0.4 0.71 0.41 0.71]
[0.4 0.81 0.41 0.71]
[0.4 0.81 0.51 0.71]
[0.4 0.91 0.51 0.71]
[0.4 0.21 0.11 0.81]
[0.4 0.41 0.21 0.81]
[0.4 0.51 0.31 0.81]
[0.4 0.61 0.31 0.81]
[0.4 0.71 0.41 0.81]
[0.4 0.81 0.41 0.81]
[0.4 0.91 0.51 0.81]
[0.4 0.21 0.11 0.91]
[0.4 0.41 0.21 0.91]
[0.4 0.51 0.31 0.91]
[0.4 0.61 0.31 0.91]
[0.4 0.71 0.41 0.91]
[0.4 0.81 0.41 0.91]
[0.4 0.91 0.51 0.91]
[0.5 0.91 0.61 0.01]
[0.5 0.81 0.51 0.11]
[0.5 0.51 0.31 0.21]
[0.5 0.81 0.51 0.21]
[0.5 0.51 0.31 0.31]
[0.5 0.71 0.41 0.31]
[0.5 0.81 0.51 0.31]
[0.5 0.51 0.31 0.41]
[0.5 0.71 0.41 0.41]
[0.5 0.81 0.51 0.41]
[0.5 0.91 0.51 0.41]
[0.5 0.51 0.31 0.51]
[0.5 0.71 0.41 0.51]
[0.5 0.81 0.51 0.51]
[0.5 0.91 0.51 0.51]
[0.5 0.21 0.11 0.61]
[0.5 0.51 0.31 0.61]
[0.5 0.71 0.41 0.61]
[0.5 0.81 0.51 0.61]
[0.5 0.91 0.51 0.61]
[0.5 0.21 0.11 0.71]
[0.5 0.41 0.21 0.71]
[0.5 0.51 0.31 0.71]
[0.5 0.61 0.31 0.71]
[0.5 0.71 0.41 0.71]
[0.5 0.81 0.51 0.71]
[0.5 0.91 0.51 0.71]
[0.5 0.21 0.11 0.81]
[0.5 0.41 0.21 0.81]
[0.5 0.51 0.31 0.81]
[0.5 0.61 0.31 0.81]
[0.5 0.71 0.41 0.81]
[0.5 0.81 0.41 0.81]
[0.5 0.81 0.51 0.81]
[0.5 0.91 0.51 0.81]
[0.5 0.21 0.11 0.91]
[0.5 0.41 0.21 0.91]
[0.5 0.51 0.31 0.91]
[0.5 0.61 0.31 0.91]
[0.5 0.71 0.41 0.91]
[0.5 0.81 0.41 0.91]
[0.5 0.81 0.51 0.91]
[0.5 0.91 0.51 0.91]
[0.6 0.91 0.61 0.01]
[0.6 0.81 0.51 0.11]
[0.6 0.51 0.31 0.21]
[0.6 0.81 0.51 0.21]
[0.6 0.51 0.31 0.31]
[0.6 0.81 0.51 0.31]
[0.6 0.51 0.31 0.41]
[0.6 0.71 0.41 0.41]
[0.6 0.81 0.51 0.41]
[0.6 0.51 0.31 0.51]
[0.6 0.71 0.41 0.51]
[0.6 0.81 0.51 0.51]
[0.6 0.91 0.51 0.51]
[0.6 0.51 0.31 0.61]
[0.6 0.71 0.41 0.61]
[0.6 0.81 0.51 0.61]
[0.6 0.91 0.51 0.61]
[0.6 0.51 0.31 0.71]
[0.6 0.71 0.41 0.71]
[0.6 0.81 0.51 0.71]
[0.6 0.91 0.51 0.71]
[0.6 0.21 0.11 0.81]
[0.6 0.51 0.31 0.81]
[0.6 0.71 0.41 0.81]
[0.6 0.81 0.51 0.81]
[0.6 0.91 0.51 0.81]
[0.6 0.21 0.11 0.91]
[0.6 0.41 0.21 0.91]
[0.6 0.51 0.31 0.91]
[0.6 0.61 0.31 0.91]
[0.6 0.71 0.41 0.91]
[0.6 0.81 0.41 0.91]
[0.6 0.81 0.51 0.91]
[0.6 0.91 0.51 0.91]
[0.7 0.91 0.61 0.01]
[0.7 0.81 0.51 0.11]
[0.7 0.81 0.51 0.21]
[0.7 0.51 0.31 0.31]
[0.7 0.81 0.51 0.31]
[0.7 0.51 0.31 0.41]
[0.7 0.81 0.51 0.41]
[0.7 0.51 0.31 0.51]
[0.7 0.71 0.41 0.51]
[0.7 0.81 0.51 0.51]
[0.7 0.51 0.31 0.61]
[0.7 0.71 0.41 0.61]
[0.7 0.81 0.51 0.61]
[0.7 0.51 0.31 0.71]
[0.7 0.71 0.41 0.71]
[0.7 0.81 0.51 0.71]
[0.7 0.91 0.51 0.71]
[0.7 0.51 0.31 0.81]
[0.7 0.71 0.41 0.81]
[0.7 0.81 0.51 0.81]
[0.7 0.91 0.51 0.81]
[0.7 0.51 0.31 0.91]
[0.7 0.71 0.41 0.91]
[0.7 0.81 0.51 0.91]
[0.7 0.91 0.51 0.91]
[0.8 0.91 0.61 0.01]
[0.8 0.81 0.51 0.21]
[0.8 0.81 0.51 0.31]
[0.8 0.51 0.31 0.41]
[0.8 0.81 0.51 0.41]
[0.8 0.51 0.31 0.51]
[0.8 0.81 0.51 0.51]
[0.8 0.51 0.31 0.61]
[0.8 0.81 0.51 0.61]
[0.8 0.51 0.31 0.71]
[0.8 0.81 0.51 0.71]
[0.8 0.51 0.31 0.81]
[0.8 0.71 0.41 0.81]
[0.8 0.81 0.51 0.81]
[0.8 0.51 0.31 0.91]
[0.8 0.71 0.41 0.91]
[0.8 0.81 0.51 0.91]
[0.9 0.91 0.61 0.01]
[0.9 0.81 0.51 0.31]
[0.9 0.81 0.51 0.41]
[0.9 0.81 0.51 0.51]
[0.9 0.81 0.51 0.61]
[0.9 0.81 0.51 0.71]
[0.9 0.51 0.31 0.81]
[0.9 0.81 0.51 0.81]
[0.9 0.51 0.31 0.91]
[0.9 0.81 0.51 0.91]
[1 0.91 0.61 0.01]
[1 0.91 0.61 0.11]
[1 0.91 0.61 0.21]
[1 0.91 0.61 0.31]
[1 0.91 0.61 0.41]
[1 0.91 0.61 0.51]
[1 0.91 0.61 0.61]
[1 0.91 0.61 0.71]
[1 0.91 0.61 0.81]
[1 0.91 0.61 0.91]
